class city_houses {
    class east {
        class Land_Offices_01_V1_F_ver94154 {
            housetype = "Land_Offices_01_V1_F";
            material[] = {{Land_BagFence_Corner_F,{-0.0739746,0.70166,-17.82},{{0.0289886,-0.99958,-0},{0.99958,0.0289886,0},{0,-0,1}}},{Land_BagFence_Long_F,{-0.260376,-1.25122,-17.82},{{-0.00788613,0.999969,-0},{-0.999969,-0.00788613,0},{0,0,1}}},{Land_BagFence_End_F,{0.708252,1.13184,-17.82},{{-0.995001,-0.0998635,-0},{0.0998635,-0.995001,-0},{0,-0,1}}},{Land_BagFence_Long_F,{1.04333,-2.62573,-17.82},{{1,1.74846e-007,-0},{-1.74846e-007,1,0},{0,0,1}}},{Land_BagFence_Short_F,{3.50159,1.16748,-17.82},{{1,1.74846e-007,-0},{-1.74846e-007,1,0},{0,0,1}}},{Land_BagFence_Long_F,{3.97998,-2.6377,-17.82},{{1,1.74846e-007,-0},{-1.74846e-007,1,0},{0,0,1}}},{Land_BagFence_Corner_F,{4.91467,0.824707,-17.82},{{-0.999678,-0.0253827,-0},{0.0253827,-0.999678,-0},{0,-0,1}}},{Land_BagFence_Long_F,{5.33398,-1.11133,-17.82},{{0.0291889,0.999574,-0},{-0.999574,0.0291889,0},{0,0,1}}},{Land_Shoot_House_Wall_Long_F,{-0.566528,7.43115,-8.715},{{1,1.74846e-007,-0},{-1.74846e-007,1,0},{0,0,1}}},{Land_Shoot_House_Wall_Long_F,{-0.67395,7.45361,-4.815},{{1,1.74846e-007,-0},{-1.74846e-007,1,0},{0,0,1}}},{Land_Shoot_House_Wall_Long_F,{-0.550171,7.51685,-0.915},{{1,1.74846e-007,-0},{-1.74846e-007,1,0},{0,0,1}}},{Land_Shoot_House_Wall_Long_F,{-0.874023,7.50122,-12.636},{{1,1.74846e-007,-0.000345055},{-2.93982e-007,1,-0.000345267},{0.000345055,0.000345267,1}}},{Land_Shoot_House_Wall_Long_F,{4.33765,-8.0437,-0.915},{{-0.999925,-0.0122228,-0},{0.0122228,-0.999925,-0},{0,-0,1}}},{Land_Shoot_House_Wall_Long_F,{-5.5238,-7.99438,-0.915},{{-0.999925,-0.0122228,-0},{0.0122228,-0.999925,-0},{0,-0,1}}},{Land_Shoot_House_Wall_Long_F,{-9.45837,-2.81543,-12.6396},{{-0.0793756,-0.996845,-0},{0.996845,-0.0793756,-0},{0,-0,1}}},{Land_BagFence_Round_F,{-8.80115,-5.78491,-17.82},{{-0.822887,-0.568205,-0},{0.568205,-0.822887,-0},{0,-0,1}}},{Land_BagFence_Round_F,{-10.0018,-3.67847,-17.82},{{0.880221,0.474565,-0},{-0.474565,0.880221,0},{0,0,1}}},{Land_BagFence_Short_F,{-7.52661,8.42456,-0.915},{{0.106736,-0.994287,-0},{0.994287,0.106736,0},{0,-0,1}}},{Land_BagFence_Corner_F,{-7.98267,8.89575,-0.915},{{-0.997501,-0.070654,-0},{0.070654,-0.997501,-0},{0,-0,1}}},{Land_BagBunker_Small_F,{-10.973,5.17603,-17.82},{{1,1.74846e-007,-0},{-1.74846e-007,1,0},{0,0,1}}},{Land_Shoot_House_Wall_Long_F,{-13.0387,5.47144,-12.6398},{{-0.0146033,0.999893,-0},{-0.999893,-0.0146033,0},{0,0,1}}},{Land_BagFence_Short_F,{-11.5428,9.19995,-0.915},{{-0.999971,-0.00763346,-0},{0.00763346,-0.999971,-0},{0,-0,1}}},{Land_BagFence_Short_F,{-12.6711,8.51343,-0.914999},{{0.0453582,0.998971,-0},{-0.998971,0.0453582,0},{0,0,1}}},{Land_BagFence_Round_F,{13.2797,7.89233,-17.82},{{0.904705,0.426039,-0},{-0.426039,0.904705,0},{0,0,1}}},{Land_BagBunker_Small_F,{14.6165,-6.44019,-17.82},{{-0.0161817,-0.999869,-0},{0.999869,-0.0161817,-0},{0,-0,1}}},{Land_BagFence_Round_F,{15.1793,5.07251,-17.82},{{-0.822887,-0.568205,-0},{0.568205,-0.822887,-0},{0,-0,1}}}};
            vehicles[] = {{rhs_2b14_82mm_msv,{1.19861,-0.615234,-17.799},{{-0.999932,-0.0112861,-0.00303399},{0.0113044,-0.999917,-0.0061144},{-0.00296473,-0.00614828,0.999977}}},{rhs_2b14_82mm_msv,{4.11108,-0.621094,-17.799},{{-0.999932,-0.0112861,-0.00303286},{0.0113044,-0.999917,-0.00611538},{-0.00296359,-0.00614925,0.999977}}},{rhs_KORD_high_MSV,{-0.852661,-6.96045,-0.884241},{{0.998637,0.0521769,-0.00133524},{-0.0521744,0.998636,0.00182532},{0.00142866,-0.00175316,0.999997}}},{rhs_KORD_high_MSV,{-5.30664,6.01782,-0.88423},{{-0.999998,-0.00113281,-0.00134827},{0.00113025,-0.999998,0.00189926},{-0.00135042,0.00189773,0.999997}}},{rhs_Igla_AA_pod_msv,{-9.70251,-4.5564,-17.795},{{0.453787,-0.89111,1.10338e-005},{0.89111,0.453787,1.99306e-005},{-2.27673e-005,7.88067e-007,1}}},{rhs_KORD_high_MSV,{-11.4159,2.10205,-12.6088},{{0.0137878,-0.999904,-0.0016543},{0.999903,0.0137847,0.00184799},{-0.00182501,-0.00167962,0.999997}}},{rhs_KORD_high_MSV,{-10.611,6.42212,-12.6005},{{-0.999981,-0.00608759,-0.00138909},{0.00608469,-0.999979,0.00207608},{-0.0014017,0.00206759,0.999997}}},{RHS_ZU23_VDV,{14.4081,6.62231,-17.7446},{{-0.663154,0.748482,-0.00113149},{-0.748483,-0.663154,2.77761e-005},{-0.000729562,0.00086532,0.999999}}}};
            soldiers[] = {{rhs_msv_grenadier_rpg,{-4.21692,6.42651,-4.81644},{{-0.996054,0.0887535,-0},{-0.0887535,-0.996054,0},{0,0,1}}},{rhs_msv_sergeant,{-5.64612,6.10205,-8.71722},{{-1,0.000565441,-0},{-0.000565441,-1,0},{0,0,1}}},{rhs_msv_rifleman,{-6.42029,6.67017,-4.81626},{{-0.997701,0.0677744,-0},{-0.0677744,-0.997701,0},{0,0,1}}},{rhs_msv_rifleman,{8.5946,-7.40112,-0.916439},{{0.999258,0.0385259,-0},{-0.0385259,0.999258,0},{0,0,1}}},{rhs_msv_rifleman,{-8.46704,8.21045,-0.916439},{{-0.997889,0.0649433,-0},{-0.0649433,-0.997889,0},{0,0,1}}},{rhs_msv_officer,{-11.0874,-5.02832,-0.916439},{{-0.940646,0.339391,-0},{-0.339391,-0.940646,0},{0,0,1}}},{rhs_msv_grenadier,{9.88049,-7.35181,-0.916439},{{1,1.74846e-007,-0},{-1.74846e-007,1,0},{0,0,1}}},{rhs_msv_marksman,{-11.0795,5.81689,-17.8214},{{-0.999805,-0.0197442,-0},{0.0197442,-0.999805,-0},{0,-0,1}}},{rhs_msv_rifleman,{-8.56653,-11.2983,-0.00143862},{{0.0843691,0.996435,-0},{-0.996435,0.0843691,0},{0,0,1}}},{rhs_msv_grenadier,{-11.948,8.32324,-0.916439},{{-0.999666,-0.0258508,-0},{0.0258508,-0.999666,-0},{0,-0,1}}},{rhs_msv_marksman,{15.0425,-6.44141,-17.8214},{{-0.0679558,0.997688,-0},{-0.997688,-0.0679558,0},{0,0,1}}},{rhs_msv_rifleman,{-17.4999,-7.64575,-0.00143909},{{-0.571283,-0.820753,-0},{0.820753,-0.571283,-0},{0,-0,1}}}};
            targets[] = {};
        };
    };
};
